[
   8  8       8  8     8  8 |
          8         8       |
8                          8|
                            |
+                         8 |
                            |
                            |
  N                        8|
                            |
                            |
8                         8 |
                            |
                            |
8                          8|
                            |
                            |
 8                         8|
                            |
                          8 |
                            |
8                           |
                            |
 8        8        8       8|
    8  8     8  8    8  8   |
]
player 55 1600 

/
